-4.325391385642638961e-03 1.839004976749420166e+12
-3.085407884064242032e-03 2.760304338261484863e+12
-2.874871726743620775e-03 3.318938177898525879e+12
-2.743890398995236287e-03 4.033120817169546875e+12
-2.649393351465679364e-03 4.735644751638173828e+12
-2.573108638375084297e-03 5.180023330375551758e+12
-2.509606419497081332e-03 5.552205038070678711e+12
-2.453884820621298271e-03 6.419259344711899414e+12
-2.405678562419004234e-03 6.541462517902254883e+12
-2.361989545358576109e-03 7.012890769764780273e+12
-2.322686134721790169e-03 7.377500525116919922e+12
-2.286337983703792300e-03 7.900893079042434570e+12
-2.253201149606201808e-03 8.025978301465510742e+12
-2.222254242158045682e-03 8.408048350885509766e+12
-2.192734455353558248e-03 8.693078462108969727e+12
-2.165381871595061392e-03 9.331106922104955078e+12
-2.139748206038777530e-03 9.525523589849472656e+12
-2.114955158906153820e-03 9.761615110337734375e+12
-2.091727334674000141e-03 9.848761132955550781e+12
-2.069373897278598429e-03 1.055731119386851758e+13
-2.048447837912872448e-03 1.045629677832126562e+13
-2.027693454957460277e-03 1.087577395632863086e+13
-2.008959022304105443e-03 1.139722736336290820e+13
-1.989609588798723575e-03 1.165490080676972852e+13
-1.971736094140756363e-03 1.169826351530849805e+13
-1.953593329280283158e-03 1.199199370749294727e+13
-1.936917249758238419e-03 1.226422356478869922e+13
-1.920383070118959583e-03 1.212954043015837695e+13
-1.904739721443299543e-03 1.279662336885929102e+13
-1.889333257503926153e-03 1.302019571930169922e+13
-1.873823993302212772e-03 1.316190605193376562e+13
-1.859504161006926646e-03 1.365855125345289648e+13
-1.845238554179947288e-03 1.337269850715994727e+13
-1.831279042595020936e-03 1.367903257884085156e+13
-1.817792595627103344e-03 1.418532220266759375e+13
-1.804562471425089510e-03 1.389930002950131836e+13
-1.791525233115149121e-03 1.430632229276001367e+13
-1.779156211590731751e-03 1.441984446339309180e+13
-1.766484747624473854e-03 1.481067556217312695e+13
-1.754488790018543217e-03 1.498540769129991406e+13
-1.742883216080237446e-03 1.531503002248704297e+13
-1.731387648968419181e-03 1.510489732943475195e+13
-1.719839632062090734e-03 1.520937217898666797e+13
-1.708806222917616004e-03 1.553363253928720898e+13
-1.698027306634449559e-03 1.580926211357116602e+13
-1.687552778989612331e-03 1.613997030444443164e+13
-1.676512043471712569e-03 1.608218968078493945e+13
-1.666174765069473136e-03 1.644165698722004883e+13
-1.656180726697481205e-03 1.645719367742538477e+13
-1.646132290328807890e-03 1.667802390873432031e+13
-1.635956313048266822e-03 1.674176826402544922e+13
-1.626483641500975352e-03 1.693732566028833398e+13
-1.617047347845058025e-03 1.684268252335488672e+13
-1.607787765475625439e-03 1.704838856838643555e+13
-1.598350648571342150e-03 1.737582056328654297e+13
-1.588849557996402373e-03 1.732623980119824414e+13
-1.580204802853547082e-03 1.727743249014019922e+13
-1.571350484719128337e-03 1.777103671148419141e+13
-1.562472574369955323e-03 1.769364055007696094e+13
-1.553908785474642906e-03 1.737830326899886133e+13
-1.545308434649225260e-03 1.782844173453748047e+13
-1.537235147931589798e-03 1.773523449413478125e+13
-1.528529269034248914e-03 1.790180474504828516e+13
-1.520340180857047020e-03 1.805360800892114453e+13
-1.512214625955387790e-03 1.821954551480710547e+13
-1.504320886402614249e-03 1.826200281143188281e+13
-1.496503799975297316e-03 1.857966027207672656e+13
-1.488694913750267116e-03 1.858490760184824219e+13
-1.480745378634874647e-03 1.863194462880492188e+13
-1.473376202524342765e-03 1.876476129971444531e+13
-1.465676587788225602e-03 1.878236527800559766e+13
-1.458425801082724634e-03 1.899172469973564062e+13
-1.451141986850562398e-03 1.885751403063535547e+13
-1.443553480106272210e-03 1.913107732497155469e+13
-1.436387223196646402e-03 1.931342752933501953e+13
-1.429156253535245535e-03 1.945083245635032422e+13
-1.422191773515928126e-03 1.961179709479212500e+13
-1.415499270249655737e-03 1.978130726747214844e+13
-1.408513346329721104e-03 1.967796007633208984e+13
-1.401353801653925247e-03 1.998279660135507422e+13
-1.394670310685044295e-03 1.964038980208337109e+13
-1.387705975130417314e-03 2.001842003867030078e+13
-1.381346422356144509e-03 2.012701665416359766e+13
-1.374695085444141342e-03 2.000194432780146484e+13
-1.368125170708418738e-03 2.004595288775861328e+13
-1.361574378883995953e-03 2.046408084750175391e+13
-1.355116944798674585e-03 2.000686445213854297e+13
-1.348625009634946267e-03 2.014743374571204297e+13
-1.342353710177405287e-03 2.025986587457358594e+13
-1.336178002725824489e-03 2.024176857009530078e+13
-1.329891915073387653e-03 2.040900898784398828e+13
-1.323960045446423211e-03 2.073966471180319531e+13
-1.317700255870879597e-03 2.079060726009309375e+13
-1.311292473648966979e-03 2.073963982284069141e+13
-1.305536023111310111e-03 2.065681338220834766e+13
-1.299323349607408359e-03 2.091067395426332812e+13
-1.293564278932189497e-03 2.095753757700323828e+13
-1.287629282706041507e-03 2.094017272330820312e+13
-1.281913030176746278e-03 2.093938088998198438e+13
-1.276027885027283771e-03 2.085886222325265234e+13
-1.270264039333789379e-03 2.119761903576552734e+13
-1.264540653950667684e-03 2.107351165369153125e+13
-1.259038789775628660e-03 2.124675711140036328e+13
-1.253514516540143618e-03 2.123063142403960156e+13
-1.247899276964052617e-03 2.146999187454581250e+13
-1.242488156590115800e-03 2.132472813121974219e+13
-1.236869060509075647e-03 2.137121705211698828e+13
-1.231245218600277155e-03 2.133363923735916406e+13
-1.225872467351794446e-03 2.152196396008133984e+13
-1.220524848892540638e-03 2.155295170895755078e+13
-1.215128390379306570e-03 2.157510616980492969e+13
-1.209966694403756321e-03 2.156046274006366797e+13
-1.204630117579974556e-03 2.154300026804208594e+13
-1.199388154568363984e-03 2.158292156890034766e+13
-1.194039380635600984e-03 2.170293876841664062e+13
-1.188897220126955466e-03 2.156805443398654297e+13
-1.183637744638168588e-03 2.173536329768598047e+13
-1.178661971326853053e-03 2.163585925005376172e+13
-1.173495543575225290e-03 2.170037651926278906e+13
-1.168535490258043206e-03 2.176529222704469922e+13
-1.163373596557111100e-03 2.178672341749071875e+13
-1.158437804880490607e-03 2.184864928625523828e+13
-1.153411563266008508e-03 2.186264149539172656e+13
-1.148491083578891386e-03 2.185754846259951562e+13
-1.143433025985062098e-03 2.196143039718270312e+13
-1.138571764816700537e-03 2.180515008904039844e+13
-1.133833406507630398e-03 2.190261507548391797e+13
-1.129101436279573642e-03 2.194890419088303906e+13
-1.124149168712503238e-03 2.193712141722440625e+13
-1.119364275797210886e-03 2.204561661884188672e+13
-1.114704996188050018e-03 2.205372551716864062e+13
-1.109894363596926597e-03 2.212202612861991016e+13
-1.105323337639769945e-03 2.208585006877779688e+13
-1.100545731492119997e-03 2.217239919573068359e+13
-1.096148186418770525e-03 2.228362928166985547e+13
-1.091430785750342834e-03 2.228899974383413672e+13
-1.086664151537225249e-03 2.235819076806306641e+13
-1.082246579692040279e-03 2.224670811526477344e+13
-1.077469879073352475e-03 2.227970784179866406e+13
-1.073080958284122321e-03 2.233451339274644922e+13
-1.068450999680462627e-03 2.226741134785115625e+13
-1.064139541276857290e-03 2.235035730883478906e+13
-1.059718093369830605e-03 2.232871905796229688e+13
-1.055383726153572618e-03 2.222824449881911328e+13
-1.050855441505454870e-03 2.229367730826139453e+13
-1.046490030955896664e-03 2.232122825786471094e+13
-1.041974197497654931e-03 2.219552946127951172e+13
-1.037697378163811648e-03 2.230783308915793750e+13
-1.033222879793089816e-03 2.225539056718349219e+13
-1.028706908514104984e-03 2.220583758331835156e+13
-1.024481240203082080e-03 2.226293133839964844e+13
-1.020287349309134282e-03 2.221373353309929297e+13
-1.015969132735419040e-03 2.225244951263069922e+13
-1.011847825478728738e-03 2.223802242919802734e+13
-1.007636079514808922e-03 2.214026351250708203e+13
-1.003565830225998509e-03 2.224209199510514844e+13
-9.993310776113988655e-04 2.222495532386004688e+13
-9.950746311893287569e-04 2.222403974235057812e+13
-9.909385621151461151e-04 2.221785155013203516e+13
-9.865420800337005615e-04 2.219332339219748828e+13
-9.827342478971946068e-04 2.222433177247643359e+13
-9.784576488968024614e-04 2.219947882600128516e+13
-9.745388298791592607e-04 2.224173437237739453e+13
-9.704814935831726323e-04 2.224496305517852344e+13
-9.662610489780740350e-04 2.213523496739566406e+13
-9.623620080772287994e-04 2.216934929154813281e+13
-9.582614242089676146e-04 2.220024348713457422e+13
-9.543231721570668994e-04 2.217989415712654688e+13
-9.502087888973823364e-04 2.223201824426650781e+13
-9.462387347928320107e-04 2.219464560255408203e+13
-9.423829367883031433e-04 2.221183598868548828e+13
-9.382466773865527762e-04 2.221438658319413672e+13
-9.345271826249138816e-04 2.217862756699323438e+13
-9.309114544936141628e-04 2.217858298152685156e+13
-9.267688906166653921e-04 2.211072567082941406e+13
-9.227866045506801168e-04 2.221795345097780078e+13
-9.191160374859915112e-04 2.213013727396726562e+13
-9.151218529196593473e-04 2.196228795163333203e+13
-9.112050522832376362e-04 2.207463627822697266e+13
-9.073556315496686701e-04 2.202609766714274609e+13
-9.034652868240639545e-04 2.200842426687478906e+13
-8.998326439982565639e-04 2.198599408790469141e+13
-8.961053414795462592e-04 2.199032946102321094e+13
-8.923003201771677155e-04 2.201073637142777344e+13
-8.885816208303378176e-04 2.195735682800412109e+13
-8.846725914479621963e-04 2.199454037480056250e+13
-8.812287350062589404e-04 2.191463108956813672e+13
-8.773864850261790154e-04 2.179763480186462500e+13
-8.734634037407184790e-04 2.187817102991044531e+13
-8.699755582134097859e-04 2.184960472635924609e+13
-8.662312838293122338e-04 2.192799912273883594e+13
-8.625370441142629413e-04 2.165442762762308203e+13
-8.590252483271181147e-04 2.177843261666595703e+13
-8.554026163607827320e-04 2.156791913561523047e+13
-8.517141405508037947e-04 2.182629892759025000e+13
-8.482075873579151453e-04 2.160161895930766797e+13
-8.445142236559578883e-04 2.163549597494303906e+13
-8.409617871343024950e-04 2.160143292620778125e+13
-8.373837184461609909e-04 2.168248397216200781e+13
-8.336225578498348025e-04 2.159894848771393359e+13
-8.300633485330530291e-04 2.155286277748644141e+13
-8.264992542385833814e-04 2.142013279661536328e+13
-8.230908933783898833e-04 2.145808756858110156e+13
-8.195628954199210689e-04 2.130662874497473047e+13
-8.162105030395581896e-04 2.140827359035610938e+13
-8.127029512191216980e-04 2.134735577039420703e+13
-8.090708934396013312e-04 2.152946606032550391e+13
-8.055873961506863348e-04 2.150000159233808594e+13
-8.019471560394903680e-04 2.136059447318315234e+13
-7.985890356599405432e-04 2.150593716360628516e+13
-7.951683446888188969e-04 2.142457515656948047e+13
-7.916974271478803863e-04 2.117095900863408984e+13
-7.880345040130983577e-04 2.120229989401996094e+13
-7.848637511887028313e-04 2.143705676868557812e+13
-7.812655112719708948e-04 2.106197810031473438e+13
-7.781416070155249649e-04 2.104492646783590234e+13
-7.746119653615348788e-04 2.096583114176988672e+13
-7.712141529372965000e-04 2.099490325838327344e+13
-7.680193755396504769e-04 2.097991626694798438e+13
-7.645014117926704966e-04 2.103034593760967188e+13
-7.611643220360076074e-04 2.084332930505275781e+13
-7.576886666404441953e-04 2.065670990087091797e+13
-7.543332032903181080e-04 2.085040620312094531e+13
-7.509918397415946264e-04 2.076998885929584375e+13
-7.475666045247202855e-04 2.076299434877932031e+13
-7.442560429945417350e-04 2.062583629086613672e+13
-7.411173377274636294e-04 2.050093239247798828e+13
-7.377135851480583466e-04 2.061765933632850391e+13
-7.346942641362892669e-04 2.053976418867707031e+13
-7.312358489866714389e-04 2.058845080323517188e+13
-7.280085397238519147e-04 2.058214684851467578e+13
-7.247090196843236458e-04 2.030493246570229297e+13
-7.216842631538581852e-04 2.024970709383487500e+13
-7.181825831346898845e-04 2.053053129844367578e+13
-7.149396691241361379e-04 2.053920424900948828e+13
-7.116196676477533041e-04 2.045879177846014453e+13
-7.083192074331305741e-04 2.005605657801032031e+13
-7.052799273487510203e-04 2.027688197918236328e+13
-7.019529818621822069e-04 2.026314264707267188e+13
-6.989968820131863513e-04 1.987339566886425000e+13
-6.957706987020539652e-04 2.034158182807266797e+13
-6.927580910826891579e-04 2.006722116723656641e+13
-6.894005190142893976e-04 1.981111845709383594e+13
-6.863231752951005600e-04 2.013818289346992969e+13
-6.828364800078779882e-04 1.957984477460384375e+13
-6.799444656914726149e-04 1.928156007841229297e+13
-6.766038959347605306e-04 1.932396902710199219e+13
-6.732956444687822383e-04 1.976342982701957031e+13
-6.701732527370133198e-04 1.968924224175512891e+13
-6.671740975577355234e-04 1.943297859564423438e+13
-6.641346668963926366e-04 1.951444146707653906e+13
-6.609814949784588748e-04 1.951073308818042188e+13
-6.577126079445006976e-04 1.952513801239430859e+13
-6.549323949115662272e-04 1.945311618149280469e+13
-6.515617706468492237e-04 1.954223519600927734e+13
-6.486597072261172936e-04 1.973202136002480859e+13
-6.456119311181398755e-04 1.929216148301958984e+13
-6.423421665812105875e-04 1.916823380112648047e+13
-6.394430347839105168e-04 1.908850400336086719e+13
-6.362190102299545126e-04 1.917322601683437891e+13
-6.332013678514664210e-04 1.901654548570513672e+13
-6.302033504357786725e-04 1.906234251871705078e+13
-6.271742393622122165e-04 1.892606109134852734e+13
-6.240313487772811878e-04 1.863153560690581641e+13
-6.210888987029335780e-04 1.879835652232169922e+13
-6.179691597590956063e-04 1.891214785084128125e+13
-6.151877991226251726e-04 1.867082600511610547e+13
-6.120343005462596615e-04 1.887006326019764062e+13
-6.092835792537920278e-04 1.874406956553458984e+13
-6.060209120219003584e-04 1.821697132214903906e+13
-6.029928630236945034e-04 1.818990147992968359e+13
-6.001059456088453240e-04 1.833870334789157031e+13
-5.971056609743833092e-04 1.851231541082262891e+13
-5.940235560068917332e-04 1.792183763988316016e+13
-5.909434259641667408e-04 1.836844139598309766e+13
-5.880496526125993714e-04 1.831655435748398047e+13
-5.851811901116215882e-04 1.816575727552175391e+13
-5.822710938450545394e-04 1.798167122244834766e+13
-5.791370790600066645e-04 1.782389133110642188e+13
-5.764610268801656371e-04 1.835900626309216016e+13
-5.734145070138859084e-04 1.803545207396149609e+13
-5.704647101085482622e-04 1.806199666701257031e+13
-5.674110213496399166e-04 1.749509416669607031e+13
-5.645174053657889528e-04 1.783533110447227734e+13
-5.616602887014191751e-04 1.755202231809496875e+13
-5.586818141881436627e-04 1.796642582148313281e+13
-5.558056344675165383e-04 1.734854950569569922e+13
-5.528676317630666290e-04 1.765790245220065234e+13
-5.498151340701008805e-04 1.771597190402448047e+13
-5.471897859255996739e-04 1.727238149128854297e+13
-5.442588323977420352e-04 1.758292854331433789e+13
-5.413798774731144953e-04 1.746822931595146680e+13
-5.384414284616478516e-04 1.696195256173610547e+13
-5.356165832093982447e-04 1.722216857664287109e+13
-5.328889316662636932e-04 1.700906872898340234e+13
-5.299039200364706994e-04 1.710686114378273438e+13
-5.270255681894341722e-04 1.692245771348476367e+13
-5.241004532827851130e-04 1.655559406667947656e+13
-5.211902338601685780e-04 1.679362885273992969e+13
-5.183652144091336917e-04 1.667857319645583594e+13
-5.154759514527146227e-04 1.701106519266962891e+13
-5.127626288626918952e-04 1.632948696158826367e+13
-5.099293570556724664e-04 1.682764446601271484e+13
-5.071137432836267129e-04 1.664671770893037305e+13
-5.042524568806571773e-04 1.683407983921468164e+13
-5.015779453169518995e-04 1.647329725638031836e+13
-4.985232214651637642e-04 1.630726742759346875e+13
-4.958077594387779417e-04 1.631682707764208203e+13
-4.930035432880396605e-04 1.551394925348460547e+13
-4.903152659097427491e-04 1.580972078822553125e+13
-4.875948300108831515e-04 1.610186915487050977e+13
-4.847527833467488731e-04 1.572248627245426172e+13
-4.817517413697365320e-04 1.568443505547940625e+13
-4.789993021595907773e-04 1.606805039867758789e+13
-4.761647527427170117e-04 1.591452766433358203e+13
-4.734582257999048758e-04 1.570596328787505664e+13
-4.706625596655001969e-04 1.570001465775072461e+13
-4.678476913784731573e-04 1.581231759659945898e+13
-4.651349635655709970e-04 1.574838377200066992e+13
-4.622936604998044408e-04 1.550321498379111328e+13
-4.597420214363799238e-04 1.489371021501719922e+13
-4.568369935414774035e-04 1.500710913263261328e+13
-4.540217555006261798e-04 1.485019901417195703e+13
-4.514012696682115182e-04 1.471488710395991797e+13
-4.486545047105156676e-04 1.496720417715608984e+13
-4.458521771092603084e-04 1.478029573217034375e+13
-4.431522689584848121e-04 1.472940620295703320e+13
-4.404822437276890339e-04 1.447023168355226367e+13
-4.376517542467277927e-04 1.394288867183029688e+13
-4.347214282594398472e-04 1.448576748132705664e+13
-4.320164687188420786e-04 1.415208048120141016e+13
-4.294362941216186614e-04 1.411700049713253906e+13
-4.267148799535833278e-04 1.399280601561069531e+13
-4.242295324513434664e-04 1.424935864441096680e+13
-4.214268580634120175e-04 1.459982619740068945e+13
-4.187459732579667214e-04 1.392801156155765039e+13
-4.160480111072779917e-04 1.455947133406996680e+13
-4.131963480682955461e-04 1.378977597497403516e+13
-4.105644112566729032e-04 1.395539513349533008e+13
-4.079123884946688015e-04 1.387668813847005273e+13
-4.051259508150813942e-04 1.361664533644914648e+13
-4.025121232495511335e-04 1.403036389559507227e+13
-3.999235324374366416e-04 1.318872182913124609e+13
-3.970322336021502811e-04 1.313910233616828906e+13
-3.943716369401211656e-04 1.266818353280425000e+13
-3.915608488620726454e-04 1.366034226201474609e+13
-3.890848904458163015e-04 1.292709273569285742e+13
-3.865843662414269262e-04 1.288288364320993359e+13
-3.838296910741739883e-04 1.303940765202045312e+13
-3.812515322315413228e-04 1.294823005214333398e+13
-3.784888038739681092e-04 1.268469745136797461e+13
-3.758189990778004015e-04 1.309765383802354297e+13
-3.732376204124155652e-04 1.255026811204850586e+13
-3.706451304225218081e-04 1.219021911099553125e+13
-3.678938516038741664e-04 1.286379626631736719e+13
-3.652720038812777136e-04 1.229867163173854297e+13
-3.624777487534624901e-04 1.258463450118899219e+13
-3.598753317102817528e-04 1.270435922518372461e+13
-3.570932726459534533e-04 1.277231958560645508e+13
-3.545383232977412794e-04 1.266505400933325195e+13
-3.519182091117533046e-04 1.197837721019983203e+13
-3.494453995932676944e-04 1.208933491468429492e+13
-3.466262341443083778e-04 1.172019232586026172e+13
-3.440672349064511542e-04 1.205750344842672266e+13
-3.416145199522674521e-04 1.173334066115319727e+13
-3.388797127508350699e-04 1.172583885066211133e+13
-3.363427919234650634e-04 1.147482378870248828e+13
-3.336430233670035399e-04 1.169370770879089844e+13
-3.308862292943553834e-04 1.165733161337673633e+13
-3.283409094977899506e-04 1.127976000130176562e+13
-3.257852042175519254e-04 1.119345759980380469e+13
-3.232123523196445093e-04 1.104662791371345508e+13
-3.205588692402249677e-04 1.143660057485103516e+13
-3.179066923977606697e-04 1.110636672057211328e+13
-3.154336478454207015e-04 1.106013829566538281e+13
-3.128251981991935762e-04 1.047872526980936523e+13
-3.102675377375644131e-04 1.110629187986254688e+13
-3.075397119341450030e-04 1.053644486360251953e+13
-3.051102329450267503e-04 1.021727614909410352e+13
-3.023865332987690519e-04 1.134335327729582812e+13
-2.999555135546449060e-04 1.090156832084059766e+13
-2.973250357709286218e-04 9.861575786322355469e+12
-2.945204874466275419e-04 1.012283928416669336e+13
-2.920796405286355500e-04 1.076857417531311523e+13
-2.895572349289188404e-04 1.062483102448284570e+13
-2.869581329496446466e-04 1.039539873227476953e+13
-2.845023000736813515e-04 9.780051093176007812e+12
-2.817206084162707670e-04 9.501035242378710938e+12
-2.793478698943885580e-04 1.010435497127473242e+13
-2.766259967861156317e-04 9.674017274975775391e+12
-2.741697162818849303e-04 9.483615722432732422e+12
-2.714737985525649965e-04 9.542774233072996094e+12
-2.690022035591673084e-04 9.174082633629441406e+12
-2.662864907431104463e-04 9.504563408270478516e+12
-2.637807704659837359e-04 9.874912355169654297e+12
-2.614643451989741578e-04 9.517999779954552734e+12
-2.587802945873186899e-04 9.161780372411011719e+12
-2.563068806620557400e-04 9.110280094742775391e+12
-2.538285348983462071e-04 9.983592439070343750e+12
-2.511021498375948691e-04 9.094442924708126953e+12
-2.486912542609326154e-04 8.932956481277941406e+12
-2.461011999929360919e-04 8.821404455900191406e+12
-2.435605803636057306e-04 8.978005593642591797e+12
-2.408411960871479772e-04 8.812886144667863281e+12
-2.383433866147364186e-04 8.892738630324601562e+12
-2.359045327698629723e-04 8.614961084052919922e+12
-2.333681350764747644e-04 8.322246474176644531e+12
-2.309208026262948453e-04 8.514435911327600586e+12
-2.282317235245139464e-04 8.368471359461545898e+12
-2.259505656534448095e-04 8.768492302000522461e+12
-2.231064815828709001e-04 8.332298864051699219e+12
-2.207747044527544550e-04 7.578894568756222656e+12
-2.182968807080973371e-04 8.019414762929082031e+12
-2.156718359791233712e-04 8.515098217278718750e+12
-2.131451529449789810e-04 7.922695004865527344e+12
-2.107645690460868660e-04 7.971666148453950195e+12
-2.080923471961452326e-04 7.562511381506919922e+12
-2.056799181829368616e-04 7.238980064541101562e+12
-2.030892316448482885e-04 8.375151839703321289e+12
-2.006017102069186241e-04 7.118165595680474609e+12
-1.980354838422044173e-04 6.986083849892019531e+12
-1.956025665577434708e-04 8.040034008622168945e+12
-1.931252017731625143e-04 7.151268891990184570e+12
-1.904482180043733596e-04 6.867379709631204102e+12
-1.880833875474955546e-04 6.288193824291229492e+12
-1.855516191836508030e-04 6.319075496867298828e+12
-1.829762208505670868e-04 6.633921082764863281e+12
-1.806879029705949294e-04 6.682999816536903320e+12
-1.779265524653416395e-04 5.320808870941400391e+12
-1.755832266727311113e-04 6.264857722073792969e+12
-1.731145341598607217e-04 6.098683520630001953e+12
-1.703948353721464388e-04 7.349130424037575195e+12
-1.679224655623588562e-04 6.016827409714459961e+12
-1.654888862637917779e-04 5.627441983446478516e+12
-1.629074256610182100e-04 6.250531794801354492e+12
-1.606397847431816691e-04 5.932936998754739258e+12
-1.580633284849726017e-04 5.676466496586799805e+12
-1.554770526451281951e-04 5.763928046151995117e+12
-1.531436043390608170e-04 5.095022267997264648e+12
-1.505366590499588903e-04 5.088321882784366211e+12
-1.481356878067115190e-04 4.649668548330664062e+12
-1.455985423766234152e-04 5.318934122398495117e+12
-1.431976344681088744e-04 5.428657008409500000e+12
-1.406431975509534079e-04 5.015479973629117188e+12
-1.381921358088676860e-04 4.822880097776651367e+12
-1.355305092536560345e-04 5.038207200691103516e+12
-1.331197022127010837e-04 4.849312144592404297e+12
-1.306487432865036352e-04 4.558195980712771484e+12
-1.281777327105092256e-04 3.955291905179619629e+12
-1.256885792818328361e-04 4.305427968502044434e+12
-1.232984794429925880e-04 5.268004192560911133e+12
-1.206716095052200822e-04 4.324309389069676270e+12
-1.182399518865991290e-04 3.672855016142129883e+12
-1.158119790956281878e-04 4.129943202584981934e+12
-1.132643759257159630e-04 3.841089642271399414e+12
-1.107683796934750870e-04 4.238010110855102539e+12
-1.083534369311690181e-04 4.299974816739559082e+12
-1.059275155864154033e-04 3.520548852011561035e+12
-1.034109479393463364e-04 3.238501429259776855e+12
-1.009905415272079298e-04 3.227038410604000000e+12
-9.840796701279389067e-05 3.073229913413524414e+12
-9.612946562757080282e-05 3.543049903959035645e+12
-9.344682106682234649e-05 3.206804706305265137e+12
-9.104132688051176495e-05 2.876674443408846680e+12
-8.870339701470228997e-05 3.004375967308878906e+12
-8.604617657303417105e-05 3.754590907916426758e+12
-8.362145694358396816e-05 3.127866443395614746e+12
-8.125494446102448905e-05 3.108444239720702148e+12
-7.864735933935587263e-05 2.604799675121903320e+12
-7.623617865819488004e-05 3.035600188598036621e+12
-7.378914224556657050e-05 2.571743701323866699e+12
-7.134062884911436054e-05 2.535479563027620117e+12
-6.880594495887845565e-05 2.833176512643694824e+12
-6.645070345196713003e-05 2.787277428582310547e+12
-6.389162422090404012e-05 2.573506108969449707e+12
-6.150808077574960900e-05 2.066180507838726074e+12
-5.901399230667646350e-05 1.819239408895373291e+12
-5.651451365804489879e-05 2.424369035214185547e+12
-5.401326286688787668e-05 1.717938278019428223e+12
-5.165723379926958703e-05 1.965327272191643555e+12
-4.909617251741450349e-05 1.623183913230895996e+12
-4.659153624523765572e-05 1.744006616324186279e+12
-4.426336623100447277e-05 1.537630554810166260e+12
-4.175075542260766524e-05 2.023531653285026367e+12
-3.930183869748344027e-05 1.941174384057521729e+12
-3.681276931107128067e-05 2.031427987888455322e+12
-3.437315486019766104e-05 1.443958141431212402e+12
-3.183900805246370945e-05 1.009073801934718994e+12
-2.938800864326146446e-05 1.309359980747103760e+12
-2.701191743753416198e-05 1.093734772503375977e+12
-2.454158817265282235e-05 5.996012181043624878e+10
-2.206781375025681529e-05 6.236643847078084717e+11
-1.966732473974811283e-05 9.198103094846009521e+11
-1.716834741454070079e-05 1.134821715354919434e+12
-1.480121442022777992e-05 1.394974508136510925e+11
-1.233956845335129358e-05 3.189309533685445557e+11
-9.708605836055802626e-06 7.694641945511102295e+11
-7.369115104850864118e-06 -2.859175195544957886e+11
-4.872159021591171421e-06 3.574250438064336548e+11
-2.269465844926940994e-06 1.586902617663145142e+11
-1.645259616327083771e-07 3.863585612922906494e+11
2.652284205003733917e-06 -6.076858734339475098e+11
4.982582944739499062e-06 -2.944763150811195068e+11
7.363305146452718051e-06 -3.810269854962825928e+11
9.905383089499825695e-06 -2.147061960399150696e+11
1.209294259907913313e-05 4.664680680632590942e+11
1.478193713287288048e-05 -9.604274693131446533e+11
1.718444808761576564e-05 -1.074607596173882446e+12
1.984983965810155815e-05 -1.379245604947209229e+12
2.210567770359821201e-05 -7.055582492053508301e+11
2.462567716077138414e-05 -1.279368910267948975e+12
2.707155980997810995e-05 -1.525698719769716309e+12
2.954155273519050063e-05 -6.089046264439820557e+11
3.190642737461598478e-05 -1.761291943043470215e+12
3.446629870744175511e-05 -1.168395237028598633e+12
3.691094187658473900e-05 -1.368782964348792969e+12
3.940327173107427568e-05 -2.157575904279947266e+12
4.185903033925189007e-05 -9.058885018527507324e+11
4.417589447380279556e-05 -7.143434754014014893e+11
4.661994065382122195e-05 -2.127162355184554932e+12
4.930802920831641215e-05 -2.010080823451280518e+12
5.155054883537720314e-05 -1.938319083377718750e+12
5.421756575663012201e-05 -2.720892614051699707e+12
5.648250034413628635e-05 -1.977400405406951904e+12
5.893637738800229725e-05 -1.876083686202764404e+12
6.168079975611204919e-05 -2.668761471211910156e+12
6.396111420494230316e-05 -2.335735615044832031e+12
6.638494924904097746e-05 -2.426033496707677734e+12
6.895434340580931332e-05 -2.933514023050665527e+12
7.133701283561867451e-05 -2.909267031550407227e+12
7.394432376600284043e-05 -2.662075228467583496e+12
7.624632806251884322e-05 -2.761189238801598633e+12
7.873777605152900328e-05 -3.197644894495606445e+12
8.141843751797508153e-05 -3.472064727321267090e+12
8.376721250998115579e-05 -3.416117855906486328e+12
8.628885791634057336e-05 -3.759519055783748535e+12
8.863407008610723855e-05 -3.274862147718667969e+12
9.118835632512247921e-05 -3.563227050751447754e+12
9.367599663197991966e-05 -3.864385116919875000e+12
9.625413921489542042e-05 -3.341382406130433105e+12
9.861713889626335468e-05 -3.168089227378368164e+12
1.009804818032785333e-04 -4.171695952415466309e+12
1.034586600478597094e-04 -3.950627351105212891e+12
1.060279419657605938e-04 -3.760970897749066406e+12
1.083667875238475246e-04 -4.729364969134331055e+12
1.109384595090737635e-04 -4.518802296519279297e+12
1.133806667281756414e-04 -4.337033413574099609e+12
1.156718806450976006e-04 -4.571295019984245117e+12
1.183532217086016424e-04 -4.262809221893548828e+12
1.208680885725920594e-04 -5.288965829014778320e+12
1.233322189849691327e-04 -4.223465509414672852e+12
1.258823354119817568e-04 -4.496200643405318359e+12
1.281344077498371126e-04 -4.599958237409591797e+12
1.307150902370615275e-04 -4.653086981549858398e+12
1.332530545014267613e-04 -5.084121140241623047e+12
1.357553430815294033e-04 -5.273253670856356445e+12
1.383463878194410778e-04 -4.823342267796397461e+12
1.406814006531096240e-04 -6.072232143953442383e+12
1.431542004764710277e-04 -5.850419384464621094e+12
1.457364184198111029e-04 -5.615288484767079102e+12
1.480382849253419138e-04 -5.432397540658711914e+12
1.505821640447066272e-04 -4.974386622309684570e+12
1.531437923256735571e-04 -5.535623816251754883e+12
1.555395381132320635e-04 -5.228913716450333008e+12
1.581398314381730419e-04 -6.035165841877459961e+12
1.606551392091129862e-04 -5.712404541000723633e+12
1.631431008695603780e-04 -6.338450497463345703e+12
1.655511638035214478e-04 -6.319018291309475586e+12
1.680984490737441085e-04 -6.544460320472716797e+12
1.706058306511663099e-04 -6.720445556566119141e+12
1.731359573727850407e-04 -6.802803981900214844e+12
1.755773617713282566e-04 -6.763058717250823242e+12
1.780968252549772668e-04 -6.523048030808567383e+12
1.806142443232090463e-04 -6.056984340921043945e+12
1.831652419074629998e-04 -6.201425951570272461e+12
1.856325757281340316e-04 -6.774416243731975586e+12
1.880181640866545570e-04 -7.370370775982737305e+12
1.905522542948606690e-04 -7.401286098808049805e+12
1.931204410386794484e-04 -7.240192195549607422e+12
1.956267241567473034e-04 -6.813163004368542969e+12
1.980395710204834261e-04 -7.505397096425294922e+12
2.006924721444700141e-04 -7.515162475705146484e+12
2.031695843300995307e-04 -7.014824177622794922e+12
2.056336702444951732e-04 -7.272944597080349609e+12
2.081798417359959953e-04 -7.797541472613811523e+12
2.108176591076290143e-04 -7.505659771040082031e+12
2.133303608065750389e-04 -7.714126610010862305e+12
2.158459173515841719e-04 -7.704588151276111328e+12
2.184155786232080921e-04 -8.150018936246632812e+12
2.207468179526652524e-04 -8.396785858049988281e+12
2.233782992898538473e-04 -8.552079498171805664e+12
2.258005436074952672e-04 -7.953683575987815430e+12
2.282764879244580740e-04 -8.292772255167365234e+12
2.310423287997760494e-04 -8.590945316031575195e+12
2.333380665247242137e-04 -8.613300614431500000e+12
2.359221322412872654e-04 -8.228124874234199219e+12
2.384465411131471695e-04 -9.370775661468505859e+12
2.410518207890418154e-04 -8.390737607479094727e+12
2.436143042208283678e-04 -9.482038128674029297e+12
2.461786322476940863e-04 -9.559811276718974609e+12
2.487288498833121987e-04 -9.419316956549882812e+12
2.512762762635179056e-04 -9.697488776370882812e+12
2.538006827190362417e-04 -9.593743034601210938e+12
2.563349667741777376e-04 -9.662696327865123047e+12
2.588806160125306055e-04 -8.739565416499971680e+12
2.614004180002399013e-04 -9.614699395373462891e+12
2.639796776213593210e-04 -9.812652178630232422e+12
2.664200628554352804e-04 -1.003447815068066016e+13
2.690862826359209387e-04 -9.950879855230451172e+12
2.715144416339821407e-04 -9.178041661977767578e+12
2.741950375655945963e-04 -9.906118803322314453e+12
2.766625658977941212e-04 -1.034323133699595898e+13
2.792302875156996655e-04 -9.887425588220357422e+12
2.818274071723930350e-04 -1.010917362682521289e+13
2.845195016879197274e-04 -1.075444075942039453e+13
2.870075515289634890e-04 -1.019397331982850977e+13
2.896256992989607580e-04 -1.059189424455165820e+13
2.922066976881276357e-04 -1.024070950619876367e+13
2.946816093583101552e-04 -1.019942974172532617e+13
2.972684601664323033e-04 -1.063777733311057031e+13
2.999851759527066776e-04 -1.067198341734707227e+13
3.026070456128278439e-04 -1.087938849516212891e+13
3.050916298764851813e-04 -1.150137572690844531e+13
3.076228350085683828e-04 -1.125098653353750586e+13
3.102981606234641036e-04 -1.125383705392479883e+13
3.126570165230574297e-04 -1.107405316360294727e+13
3.156175948945056427e-04 -1.119191928207874219e+13
3.180339093829717668e-04 -1.111281950995325977e+13
3.207457766965675144e-04 -1.138152948863804297e+13
3.232549296328904483e-04 -1.184804318323731445e+13
3.257638193228849463e-04 -1.126977876275777734e+13
3.284849598491650828e-04 -1.175107812739908594e+13
3.311471264686203586e-04 -1.160065458394586914e+13
3.336252478121269302e-04 -1.224023121803998828e+13
3.363918243543401188e-04 -1.177622840605676172e+13
3.388663467395960785e-04 -1.163545687586069141e+13
3.414442581968615614e-04 -1.193295594565570312e+13
3.440999595353725986e-04 -1.205973796375095703e+13
3.467642448539016422e-04 -1.282108699277043359e+13
3.492944385129430731e-04 -1.238296016477048438e+13
3.520738584640879581e-04 -1.268415360622108008e+13
3.546843705729073966e-04 -1.179228395856916797e+13
3.573900164318810483e-04 -1.256904215544462109e+13
3.599603502380210830e-04 -1.220796987317502539e+13
3.627232072608231584e-04 -1.275169815383851562e+13
3.653308784859866194e-04 -1.264847048409283203e+13
3.679689454113458736e-04 -1.250714525498449805e+13
3.706963133775539442e-04 -1.261848565578460742e+13
3.733617113003597095e-04 -1.298152656577527539e+13
3.759609520446943807e-04 -1.347773732773959570e+13
3.785985501898701268e-04 -1.318932029545307031e+13
3.811702000034761944e-04 -1.324848560333251953e+13
3.839454099793712639e-04 -1.298661418624222266e+13
3.864399518675994214e-04 -1.329821633853018164e+13
3.892653750877232721e-04 -1.370459443822503125e+13
3.918115989035334760e-04 -1.312982593134045508e+13
3.944978842403190416e-04 -1.372294413939118359e+13
3.972761882919957199e-04 -1.409865554288029688e+13
3.998584905692274447e-04 -1.365598508417606250e+13
4.025752050798797957e-04 -1.368384468838572461e+13
4.052600145894318822e-04 -1.383626720376312695e+13
4.078686825554922479e-04 -1.408281431287526953e+13
4.106765286861011467e-04 -1.366377841465175195e+13
4.135077596367482764e-04 -1.445431328803300781e+13
4.161071585701174103e-04 -1.421636010579764844e+13
4.189013189329046693e-04 -1.396711908213794141e+13
4.215630848304801129e-04 -1.387100283570587500e+13
4.242155608489626257e-04 -1.422529761105775781e+13
4.268938111338606203e-04 -1.442287069000303711e+13
4.294819963814927241e-04 -1.433610840089619141e+13
4.323348701127454024e-04 -1.465590917207300586e+13
4.349105877143821471e-04 -1.429027744993567383e+13
4.377081934866343524e-04 -1.534951785244047656e+13
4.405591436512899545e-04 -1.456420327357947852e+13
4.432045739252580608e-04 -1.491628578886389648e+13
4.458510973676257190e-04 -1.500543668739497656e+13
4.486665821094123932e-04 -1.509364393360912695e+13
4.513403017479184799e-04 -1.531945564821362500e+13
4.542837602381794167e-04 -1.539437609441578320e+13
4.570206750092306244e-04 -1.516635880529880469e+13
4.596012202411120431e-04 -1.555050786785781250e+13
4.623619934093586804e-04 -1.571936951421201172e+13
4.652109692563088667e-04 -1.601426586642861328e+13
4.678706333414274303e-04 -1.589548843309283203e+13
4.706981149453272621e-04 -1.495086671538650977e+13
4.735422764519114122e-04 -1.583806436896324023e+13
4.762881383505507466e-04 -1.550094233468174805e+13
4.791610818379351123e-04 -1.593357818573713281e+13
4.820115706658502038e-04 -1.573454016610979883e+13
4.846850635431984252e-04 -1.623712616764008984e+13
4.875032286207969063e-04 -1.616764161266386523e+13
4.904298214813775135e-04 -1.615365044482052344e+13
4.930833364553153858e-04 -1.593041618287563281e+13
4.958744552610489008e-04 -1.658045894376933594e+13
4.987245493742123318e-04 -1.615734896101057422e+13
5.015635008813614610e-04 -1.671052942745387500e+13
5.044351497968878025e-04 -1.610321735464036328e+13
5.069808929372895132e-04 -1.625993803329765820e+13
5.099030974914546066e-04 -1.661018619365990039e+13
5.128264372321755674e-04 -1.701696337483823242e+13
5.154183245452178663e-04 -1.681117455877363672e+13
5.185427681239437739e-04 -1.713708206683397266e+13
5.213761139844919198e-04 -1.686639985494315625e+13
5.240290394306030631e-04 -1.709142772383987891e+13
5.270506383184425268e-04 -1.716989023193716992e+13
5.300067512232216164e-04 -1.744232149206101758e+13
5.326570841332159845e-04 -1.710381990447640430e+13
5.357940324521529712e-04 -1.663903063975274414e+13
5.385706314614033914e-04 -1.735052080273628125e+13
5.414046741468504266e-04 -1.716698171034455273e+13
5.444190319216194070e-04 -1.731174433782696680e+13
5.472520199116652235e-04 -1.734928562857210547e+13
5.500803961551195510e-04 -1.799890216693282031e+13
5.529863114484872199e-04 -1.757480228722095508e+13
5.558300827754238810e-04 -1.752307804100215430e+13
5.589160703118182302e-04 -1.775689970046281641e+13
5.617800260302569480e-04 -1.775114359632134375e+13
5.645930568978266804e-04 -1.753859440177678906e+13
5.675141544481520500e-04 -1.769949265688657812e+13
5.704062598019123782e-04 -1.807045417927205469e+13
5.734614625555380790e-04 -1.799457606635987500e+13
5.765305426781912410e-04 -1.805969847157597656e+13
5.793745288393189205e-04 -1.841451180517673438e+13
5.823350810297658105e-04 -1.855201350301503906e+13
5.852838822020073285e-04 -1.811519000902771875e+13
5.881510156397360073e-04 -1.826713871285319141e+13
5.911484575713423601e-04 -1.850504856206476562e+13
5.940847124772137685e-04 -1.854892468482255859e+13
5.971061672614254388e-04 -1.855274041675031250e+13
6.001101822729646785e-04 -1.811079398453235547e+13
6.032033914806008302e-04 -1.853643341146409375e+13
6.060361218902225343e-04 -1.836648908011615234e+13
6.090003849861600881e-04 -1.871323899522423828e+13
6.121535818650211637e-04 -1.884092791967093750e+13
6.150864204507679915e-04 -1.893696722537278906e+13
6.180783983040283097e-04 -1.841340778075158594e+13
6.210215878979273097e-04 -1.873993422448635156e+13
6.242789227718461599e-04 -1.896726934179663672e+13
6.271908277454636606e-04 -1.891380968444049219e+13
6.302420122420931232e-04 -1.904548965983092578e+13
6.333502136608275008e-04 -1.930208118796348438e+13
6.363013027157297941e-04 -1.936662333458662109e+13
6.395395364234393630e-04 -1.876988846257328906e+13
6.425112866291124956e-04 -1.915276582635939062e+13
6.456479633457024242e-04 -1.896073334671557031e+13
6.486922047228989817e-04 -1.981809771671891016e+13
6.518597650224568088e-04 -1.948298672832548438e+13
6.549836340118222501e-04 -1.954612449720501953e+13
6.579649929167888595e-04 -1.967617270186543359e+13
6.611174062046470869e-04 -1.980886292688548438e+13
6.642462017712621970e-04 -1.970362974159419531e+13
6.673334734007655171e-04 -1.969502868130803125e+13
6.704372722193725504e-04 -1.972534791313111719e+13
6.735129976086749477e-04 -1.985765035606920703e+13
6.767125515938298514e-04 -1.972879405163228516e+13
6.799294885041467628e-04 -2.014657201088964844e+13
6.831233212213518166e-04 -1.989632991664111719e+13
6.861385493532279290e-04 -1.991828561410307812e+13
6.894842493462970557e-04 -1.995321108959615234e+13
6.925834013297792842e-04 -2.010328891120850781e+13
6.957729649804785454e-04 -2.004183020390569922e+13
6.991172465016926149e-04 -1.979047782972455078e+13
7.020150915356080388e-04 -2.037938564956188281e+13
7.053822011402566348e-04 -2.029342628635466016e+13
7.084435697825677055e-04 -2.032026315458118750e+13
7.117130691627113594e-04 -2.040579384826123828e+13
7.149448399264639016e-04 -2.030539406351744922e+13
7.182953475405648826e-04 -2.048345819830894531e+13
7.214873692355549314e-04 -2.053028877802192969e+13
7.249565076011839750e-04 -2.060746526464819922e+13
7.280671220841496410e-04 -2.057024185970425391e+13
7.313394121285153550e-04 -2.067977449342608203e+13
7.343917049442837564e-04 -2.047008533313870312e+13
7.378963534053428969e-04 -2.070685372404753906e+13
7.411411840925476949e-04 -2.082241393849253516e+13
7.444703933935869176e-04 -2.102322704747319141e+13
7.478380025957014499e-04 -2.087721842430532031e+13
7.510967724094977241e-04 -2.103587600156664844e+13
7.546704733142562066e-04 -2.095108774609863672e+13
7.577811390859563083e-04 -2.088072382353246094e+13
7.612340052222266867e-04 -2.085267686776816797e+13
7.646018772858008145e-04 -2.110592764094471875e+13
7.680070097628859420e-04 -2.127311026901006641e+13
7.713179773138346658e-04 -2.110819800823926953e+13
7.746240733753602739e-04 -2.130416704922914453e+13
7.780686043195688111e-04 -2.130136310234665625e+13
7.815241304630368788e-04 -2.110198684535920703e+13
7.847602035348546752e-04 -2.105898106969892969e+13
7.883791798362830942e-04 -2.118682801134884375e+13
7.917425491703444090e-04 -2.126231637164950391e+13
7.952288447752297327e-04 -2.133436164207756250e+13
7.987342076738974473e-04 -2.147867776080966016e+13
8.022485503247322710e-04 -2.134490653537213672e+13
8.056460744683119736e-04 -2.148863693289458594e+13
8.090358343489685447e-04 -2.162869808867573828e+13
8.126888739742082124e-04 -2.132176834210753516e+13
8.160074817313581414e-04 -2.163716803863644531e+13
8.196581041480828630e-04 -2.166712567612528906e+13
8.229828259834285611e-04 -2.146245118372142188e+13
8.265162097529959095e-04 -2.144181112080812500e+13
8.302325919572128236e-04 -2.171133840717375391e+13
8.337686228865001138e-04 -2.177256735824048438e+13
8.373665475202540483e-04 -2.163006716556846875e+13
8.409097226312085968e-04 -2.179173120290041016e+13
8.448087091663524385e-04 -2.178881742738187109e+13
8.484178109629794597e-04 -2.170981594443321094e+13
8.519784335558864847e-04 -2.190118493735790234e+13
8.554503750443790203e-04 -2.179096833549439844e+13
8.591606642132040578e-04 -2.179020112179219531e+13
8.627923632850332701e-04 -2.188295370697975000e+13
8.662732136463400720e-04 -2.209754303671419531e+13
8.697839502466243921e-04 -2.199471055917441797e+13
8.737644166467161159e-04 -2.208039927169680469e+13
8.774950565993392022e-04 -2.206163274079561328e+13
8.811226448809867436e-04 -2.206115270636975781e+13
8.849928272775972561e-04 -2.202183736950158984e+13
8.887834475254535217e-04 -2.204797727793455078e+13
8.925337160455505854e-04 -2.211881613828241797e+13
8.960513274768364773e-04 -2.198297133386135156e+13
8.999064646218658424e-04 -2.212619361884891797e+13
9.037456304355452000e-04 -2.215224479421973047e+13
9.073280254047171728e-04 -2.218834413461387109e+13
9.114329827639267674e-04 -2.210073930174112109e+13
9.150878922209296001e-04 -2.211665814667940234e+13
9.191003287443123230e-04 -2.216709338426589844e+13
9.228701354630894273e-04 -2.221019177764653906e+13
9.266938258390180734e-04 -2.210364964313805078e+13
9.306512963211131589e-04 -2.212530430570244531e+13
9.346044453330384699e-04 -2.203564155578613281e+13
9.387221815781148643e-04 -2.217134720250964062e+13
9.423884218558888212e-04 -2.216561862200498438e+13
9.464106230476600819e-04 -2.214795396268367578e+13
9.503775356145604874e-04 -2.217168325282633203e+13
9.544334963852949298e-04 -2.219329471550881641e+13
9.583462964052042029e-04 -2.222150680184364062e+13
9.624170366577213713e-04 -2.219367087148129688e+13
9.664048065692344962e-04 -2.224127857618033984e+13
9.707135801832622200e-04 -2.222796593181788672e+13
9.743652154478436335e-04 -2.221549467585980859e+13
9.787201562056278403e-04 -2.223235194846987500e+13
9.826642496085285713e-04 -2.234168321311473828e+13
9.868130908175021861e-04 -2.238655290469527344e+13
9.908769550050569325e-04 -2.228196139536798047e+13
9.951920300411223625e-04 -2.214859836846589844e+13
9.993325942287793751e-04 -2.229411894358694531e+13
1.003617941851720581e-03 -2.227385180391371094e+13
1.007900698997792315e-03 -2.231082084797322656e+13
1.012128336680757435e-03 -2.227845276772975781e+13
1.016357333288033524e-03 -2.222144519723951562e+13
1.020437923874001080e-03 -2.224656661078333594e+13
1.024592670734847388e-03 -2.228554887987673047e+13
1.028711073959631683e-03 -2.226445834539830469e+13
1.033178454216607516e-03 -2.230526416167616797e+13
1.037686285414184595e-03 -2.216752346061169922e+13
1.042051234599228283e-03 -2.227093059711158203e+13
1.046472602584468115e-03 -2.222992877826094531e+13
1.050904494540700566e-03 -2.224067620627582031e+13
1.055176335742722587e-03 -2.225035936944186719e+13
1.059485347937746307e-03 -2.220401905670762109e+13
1.063927663527280748e-03 -2.221233282513916406e+13
1.068554712492645817e-03 -2.213785677403211328e+13
1.073162369225803478e-03 -2.215960780702531250e+13
1.077541235794332196e-03 -2.218042644307017188e+13
1.082301841584396712e-03 -2.208233513623475781e+13
1.086752936990696044e-03 -2.214468947634100781e+13
1.091430071521039529e-03 -2.198079928293824219e+13
1.096057410542618238e-03 -2.199104396246373438e+13
1.100381714511611221e-03 -2.200711405776441016e+13
1.105239343460324248e-03 -2.210110527597367578e+13
1.109968484789223761e-03 -2.202773360282182422e+13
1.114816039642924821e-03 -2.217208185508847266e+13
1.119527247261639050e-03 -2.208602432712912500e+13
1.124357346444013108e-03 -2.213565870933234766e+13
1.129235179541490750e-03 -2.204767380371689844e+13
1.134063193657171070e-03 -2.209417421050369531e+13
1.138891650227211649e-03 -2.202925532020628516e+13
1.143577757711033678e-03 -2.177786085985600781e+13
1.148368746742652611e-03 -2.199199651606380859e+13
1.153421182699968829e-03 -2.197389763429760938e+13
1.158440728949383224e-03 -2.163734398745000391e+13
1.163726482154707779e-03 -2.188496620573103516e+13
1.168582296694756478e-03 -2.158746675714850391e+13
1.173768367482149909e-03 -2.166931229047477344e+13
1.178802454301046063e-03 -2.167945103868842188e+13
1.183779356690612197e-03 -2.163873912483453516e+13
1.188921410870309465e-03 -2.160093803495168750e+13
1.194099184960461992e-03 -2.158237706884741797e+13
1.199485103471130019e-03 -2.124923739627003516e+13
1.204671031595177903e-03 -2.149012728311121484e+13
1.210156787939375197e-03 -2.114995120339095703e+13
1.215333864696760456e-03 -2.119072996757924609e+13
1.220620796031276004e-03 -2.140775072224438281e+13
1.225873009649864611e-03 -2.113528935238718750e+13
1.231404495254271366e-03 -2.135812953911721484e+13
1.237045963803457818e-03 -2.116768685519695312e+13
1.242655299110426810e-03 -2.082094798885285938e+13
1.247865555104220748e-03 -2.118070679508149609e+13
1.253611934282608921e-03 -2.119607376538216797e+13
1.259083246488794687e-03 -2.111447806268930469e+13
1.264769409227133523e-03 -2.106555598974227734e+13
1.270307984786376394e-03 -2.088767184741794922e+13
1.276230363547400243e-03 -2.103686716482043359e+13
1.282068305900777938e-03 -2.091033061526715625e+13
1.287915855558795838e-03 -2.084823948159813672e+13
1.293723033003715090e-03 -2.068187243200838672e+13
1.299575422099912610e-03 -2.081702076233923438e+13
1.305399806529379579e-03 -2.059060369752347266e+13
1.311372345972259624e-03 -2.061373913504183203e+13
1.317796534449149634e-03 -2.069144161172210938e+13
1.323969937069952810e-03 -2.057284781217575000e+13
1.330128812210783521e-03 -2.034717920385301172e+13
1.336227407822830355e-03 -2.040933239765465234e+13
1.342348790440505086e-03 -2.030615362592041406e+13
1.348461859966319310e-03 -2.009313487894833203e+13
1.355027157446270832e-03 -2.020896324478089844e+13
1.361663936318920336e-03 -1.987490808255970312e+13
1.368235002602092784e-03 -2.010687301814555859e+13
1.374763360702721798e-03 -1.977199885368347266e+13
1.381234965821925322e-03 -1.979061925902962500e+13
1.387673647477848105e-03 -1.968758840471505859e+13
1.394552326731415652e-03 -1.946577188909053906e+13
1.401369316786732228e-03 -1.964384954392909766e+13
1.408325215450678333e-03 -1.921437552288174609e+13
1.415173908821928559e-03 -1.944570659756660547e+13
1.422183647400895520e-03 -1.925644384883344141e+13
1.429240735930751910e-03 -1.876009302437305469e+13
1.436406313382190087e-03 -1.919009297430515234e+13
1.443870401336224112e-03 -1.903785633057355859e+13
1.450834219212484340e-03 -1.898428607091307422e+13
1.458147684235143069e-03 -1.889500151507556250e+13
1.465709891428531621e-03 -1.864646670646965625e+13
1.473307842630323895e-03 -1.877019117668271094e+13
1.480915289689448610e-03 -1.853033904314041016e+13
1.489010138109312211e-03 -1.869848869279026953e+13
1.496533739147629365e-03 -1.863403187111019922e+13
1.504591392506300683e-03 -1.814585633315146094e+13
1.512368813095720790e-03 -1.849222983382642188e+13
1.520514504454854778e-03 -1.788426213979721094e+13
1.528894478446001827e-03 -1.808962716318666797e+13
1.537153469023977079e-03 -1.794310224004089844e+13
1.545469180526182814e-03 -1.775717321187257812e+13
1.554064711023944549e-03 -1.774577414296567188e+13
1.562680140743242250e-03 -1.724000729434192188e+13
1.571422815854643445e-03 -1.723083145134150977e+13
1.580421553564570957e-03 -1.697604272127151367e+13
1.589342921253430845e-03 -1.698194341853260938e+13
1.598101205965088076e-03 -1.655430454686283984e+13
1.607507571250791452e-03 -1.676438084408640820e+13
1.617117552177431113e-03 -1.652170454144477734e+13
1.626559795491205320e-03 -1.630894017793238086e+13
1.635924376896595719e-03 -1.617708717711269727e+13
1.645956477018729706e-03 -1.597802539177238867e+13
1.656084966944249004e-03 -1.581728500872850391e+13
1.665995928455837796e-03 -1.558856281481683203e+13
1.676421572719191070e-03 -1.587050012826919531e+13
1.687041450566313010e-03 -1.553958405174314844e+13
1.698165480641516999e-03 -1.556445016674697266e+13
1.708721917841506642e-03 -1.510661482825875195e+13
1.719977475998487075e-03 -1.510102265968918750e+13
1.731289437473619618e-03 -1.453639232516288672e+13
1.742900737814104869e-03 -1.464358922362327539e+13
1.754721551680586732e-03 -1.465159747116267578e+13
1.767121299604754820e-03 -1.425818795710801953e+13
1.779218076485582353e-03 -1.442445518143475000e+13
1.791503883709754958e-03 -1.383804141335189258e+13
1.804705421384830656e-03 -1.406809782378375391e+13
1.817801048428341814e-03 -1.362235039055347461e+13
1.831100031441376414e-03 -1.294260834470391211e+13
1.845434600087343061e-03 -1.302018180795013867e+13
1.859467352540546733e-03 -1.282297637216746680e+13
1.873871108655696897e-03 -1.260062386997043945e+13
1.889223090343851528e-03 -1.241899401925504102e+13
1.904654381569905646e-03 -1.234633512228727344e+13
1.920730812837058996e-03 -1.171021118201315430e+13
1.937074090835157105e-03 -1.169825265482067969e+13
1.953621203595503741e-03 -1.151758250392973438e+13
1.971663265105959555e-03 -1.105572654083371094e+13
1.989950382552938424e-03 -1.089552232742309570e+13
2.008603379964309880e-03 -1.067036040812730664e+13
2.028036660601461108e-03 -1.017154996588826172e+13
2.048727036343110566e-03 -1.029346688061952539e+13
2.069731528588889674e-03 -1.013282817132770898e+13
2.091569930422851765e-03 -9.625542801991105469e+12
2.114740837001291129e-03 -9.074702699035406250e+12
2.139872209761861654e-03 -8.904660871624945312e+12
2.165500562050858002e-03 -8.308251229226588867e+12
2.192647431748363015e-03 -8.084617708399891602e+12
2.221864015530800214e-03 -7.762581447586416992e+12
2.253259436385236184e-03 -7.497661137357353516e+12
2.286356849683389859e-03 -6.942150178402662109e+12
2.322196517686929678e-03 -6.638987038210034180e+12
2.362135604546821907e-03 -6.394982783272862305e+12
2.405347176424848209e-03 -5.828441593125461914e+12
2.454970341226374309e-03 -5.088187564089894531e+12
2.509385813709487639e-03 -4.538960854560136719e+12
2.573889581678722328e-03 -4.163176873400807129e+12
2.650591913750833997e-03 -3.632252903208136230e+12
2.746025247471643466e-03 -2.768584969714283691e+12
2.876006756378148444e-03 -1.973286669105291260e+12
3.089612532383884200e-03 -4.373171366006135864e+11
