Created from SDDS file: compt.twi
Twiss parameters--input: mephi.ele  lattice: ring.lte	
Twiss parameters	
SVNVersion		unknown	

Table 1
Step		0	
nux		2.802261748663290e+00	
dnux/dp		-3.666119027407789e+00	
dnux/dp2		0.000000000000000e+00	
dnux/dp3		0.000000000000000e+00	
Ax		1.253299760238489e-04	
AxLocation		4.698495187749916e+00	
nuy		1.232343981146073e+00	
dnuy/dp		-3.300245989434648e+00	
dnuy/dp2		0.000000000000000e+00	
dnuy/dp3		0.000000000000000e+00	
Ay		1.188440146101530e-05	
AyLocation		8.400162836666903e+00	
deltaHalfRange		0.000000000000000e+00	
nuxChromUpper		2.802261748663290e+00	
nuxChromLower		2.802261748663290e+00	
nuyChromUpper		1.232343981146073e+00	
nuyChromLower		1.232343981146073e+00	
Stage		"tunes uncorrected"	
pCentral		1.174170457378141e+02	
dbetax/dp		1.455447365859841e+00	
dbetay/dp		-7.202256104106917e-01	
dalphax/dp		-0.000000000000000e+00	
dalphay/dp		-7.019256610960974e-11	
etax2		-4.725151816959894e-01	
etay2		0.000000000000000e+00	
etax3		1.233525365785217e+00	
etay3		0.000000000000000e+00	
etaxp2		1.842970220877760e-14	
etayp2		0.000000000000000e+00	
etaxp3		-1.540601035354370e+00	
etayp3		0.000000000000000e+00	
betaxMin		2.088466558119039e-01	
betaxAve		1.693224137796105e+00	
betaxMax		4.986835710245963e+00	
betayMin		2.316467385621175e-01	
betayAve		2.847126300527126e+00	
betayMax		8.414390941608000e+00	
etaxMax		5.209364838961130e-01	
etayMax		0.000000000000000e+00	
waistsx		19	
waistsy		15	
dnux/dAx		0.000000000000000e+00	
dnux/dAy		0.000000000000000e+00	
dnuy/dAx		0.000000000000000e+00	
dnuy/dAy		0.000000000000000e+00	
dnux/dAx2		0.000000000000000e+00	
dnux/dAy2		0.000000000000000e+00	
dnux/dAxAy		0.000000000000000e+00	
dnuy/dAx2		0.000000000000000e+00	
dnuy/dAy2		0.000000000000000e+00	
dnuy/dAxAy		0.000000000000000e+00	
nuxTswaLower		0.000000000000000e+00	
nuxTswaUpper		0.000000000000000e+00	
nuyTswaLower		0.000000000000000e+00	
nuyTswaUpper		0.000000000000000e+00	
couplingIntegral		0.000000000000000e+00	
couplingDelta		-4.300822324827831e-01	
emittanceRatio		0.000000000000000e+00	
alphac2		2.053916594693066e-01	
alphac		6.341046013022397e-02	
I1		6.465958516539091e-01	
I2		2.216074457265054e+01	
I3		7.816076973777888e+01	
I4		8.043440866971650e+00	
I5		1.987035220726913e+01	
ex0		7.436459488204655e-09	
enx0		8.731987701447908e-07	
taux		1.584339402441542e+00	
Jx		6.370410371094488e-01	
tauy		1.009289216064724e+00	
Jy		1.000000000000000e+00	
Sdelta0		8.880355556593567e-05	
taudelta		4.271293881591939e-01	
Jdelta		2.362958962890551e+00	
U0		4.044200414641226e-06	
s	betax	alphax	psix	etax	etaxp	xAperture	betay	alphay	psiy	etay	etayp	yAperture	pCentral0	ElementName	ElementOccurence	ElementType	ChamberShape	dI1	dI2	dI3	dI4	dI5	
0	0.208846655811904	-8.21024095062475e-16	0	0.000223488804998563	-1.75423911508155e-16	10	0.231646738562119	-2.20625251557215e-15	0	0	0	10	117.417045737814	_BEG_	1	MARK	""	0	0	0	0	0	
0	0.208846655811904	-8.21024095062475e-16	0	0.000223488804998563	-1.75423911508155e-16	10	0.231646738562119	-2.20625251557215e-15	0	0	0	10	117.417045737814	RC	1	RECIRC	?	0	0	0	0	0	
0	0.208846655811904	-8.21024095062475e-16	0	0.000223488804998563	-1.75423911508155e-16	0.025	0.231646738562119	-2.20625251557215e-15	0	0	0	0.01	117.417045737814	W1	1	WATCH	?	0	0	0	0	0	
0	0.208846655811904	-8.21024095062475e-16	0	0.000223488804998563	-1.75423911508155e-16	0.025	0.231646738562119	-2.20625251557215e-15	0	0	0	0.01	117.417045737814	AP	1	MAXAMP	ellip.	0	0	0	0	0	
0	0.208846655811904	-8.21024095062475e-16	0	0.000223488804998563	-1.75423911508155e-16	0.025	0.231646738562119	-2.20625251557215e-15	0	0	0	0.01	117.417045737814	W2	1	WATCH	ellip.	0	0	0	0	0	
0.2	0.400374740590172	-0.957640423891339	0.763763461518652	0.000223488804998528	-1.75423911508155e-16	0.025	0.40432346282031	-0.863383621290952	0.712212813963874	0	0	0.01	117.417045737814	DR05A	1	EDRIFT	ellip.	0	0	0	0	0	
0.377960474406829	0.892861056992911	-1.80975114462563	1.06598813557724	0.000223488804998497	-1.75423911508155e-16	0.025	0.848336276694889	-1.63162441549107	1.02095555989726	0	0	0.01	117.417045737814	DR05B	1	EDRIFT	ellip.	0	0	0	0	0	
0.477960474406829	1.76773889924274	-7.97191577580965	1.15058553773224	0.000265253491211241	0.000860386310894342	0.025	0.867272656991735	1.46572536291616	1.13084034521869	0	0	0.01	117.417045737814	QD02	1	KQUAD	ellip.	0	0	0	0	0	
0.577960474406829	3.72728594350761	-11.6235546668391	1.18955321338151	0.000351292122300675	0.000860386310894342	0.025	0.610429326589749	1.10270794110371	1.26871399691816	0	0	0.01	117.417045737814	DR04	1	EDRIFT	ellip.	0	0	0	0	0	
0.677960474406829	4.98003053735282	0.329929850112923	1.21166106402219	0.000383565772172236	-0.000230572613950918	0.025	0.579302057779753	-0.761940281737938	1.44604292008057	0	0	0.01	117.417045737814	QF02	1	KQUAD	ellip.	0	0	0	0	0	
0.773229321938722	4.91918736066977	0.308717286483179	1.23091036872717	0.000361599384968716	-0.000230572613950918	0.025	0.749243548568445	-1.02186938103563	1.5911578831675	0	0	0.01	117.417045737814	DRVAR03	1	EDRIFT	ellip.	0	0	0	0	0	
0.973229321938722	4.8046068469323	0.264185282204147	1.27206104372403	0.000315484862178533	-0.000230572613950918	0.025	1.26712628310187	-1.56754429163152	1.79788927520516	0	0	0.01	117.417045737814	DR05A	2	EDRIFT	ellip.	0	0	0	0	0	
1.07322932193872	4.10195586569606	6.42310603882723	1.29405371307427	0.000270617455113318	-0.000656023481572743	0.025	1.8307155247295	-4.33527710197563	1.86517775978445	0	0	0.01	117.417045737814	QF04	1	KQUAD	ellip.	0	0	0	0	0	
1.17322932193872	2.92034964046468	5.39295621348658	1.32295036489896	0.000205015106956043	-0.000656023481572743	0.025	2.80589603219318	-5.41652797266123	1.90931394471231	0	0	0.01	117.417045737814	DR07	1	EDRIFT	ellip.	0	0	0	0	0	
1.19001287748846	2.74222548582152	5.22006044530496	1.32888122267505	0.000194004700411132	-0.000656023481572743	0.025	2.99075897953271	-5.59800031317481	1.91510769675874	0	0	0.01	117.417045737814	DRVAR07	1	EDRIFT	ellip.	0	0	0	0	0	
1.35644576638898	1.70374211955187	1.48031637886745	1.40888330881292	0.000102902631940952	-0.000459170213829986	0.025	4.24141745169729	-1.34474692102293	1.96012125678807	0	0	0.01	117.417045737814	QD04	1	KQUAD	ellip.	0	0	0	0	0	
1.37322932193872	1.65457981396004	1.44887853731879	1.41887974994008	9.51961231503501e-05	-0.000459170213829986	0.025	4.28674323320658	-1.35585971592931	1.96405735427962	0	0	0.01	117.417045737814	DRVAR07	2	EDRIFT	ellip.	0	0	0	0	0	
1.47322932193872	1.38353544233004	1.26156517898128	1.48502180696826	4.92791017673515e-05	-0.000459170213829986	0.025	4.56453641637549	-1.42207211575986	1.98666601962258	0	0	0.01	117.417045737814	DR07	2	EDRIFT	ellip.	0	0	0	0	0	
1.57322932193872	0.983374758433008	2.54685627050486	1.56881737470758	9.59702298440799e-07	-0.000495638492742166	0.025	5.57053146713974	-9.11434105345681	2.00697632979699	0	0	0.01	117.417045737814	QF04	2	KQUAD	ellip.	0	0	0	0	0	
1.67322932193872	0.550133960177166	1.78555171205356	1.70519821864298	-4.86041469757758e-05	-0.000495638492742166	0.025	7.54432102767835	-10.6235545519293	2.02240252521654	0	0	0.01	117.417045737814	DR06	1	EDRIFT	ellip.	0	0	0	0	0	
1.69682753883293	0.470101808182744	1.60589741112476	1.75161820216986	-6.03003316286221e-05	-0.000495638492742166	0.025	8.05411936204189	-10.9797020266954	2.02542986202162	0	0	0.01	117.417045737814	DR02	1	EDRIFT	ellip.	0	0	0	0	0	
1.79682753883293	0.293698774043438	0.28714537012912	2.03460246670526	-0.00011856206264677	-0.000691135431604273	0.025	8.41439094160796	7.64841180441608	2.03713166854634	0	0	0.01	117.417045737814	QD01	1	KQUAD	ellip.	0	0	0	0	0	
1.93973053883293	0.28689526764086	-0.239536107884255	2.54933101039911	-0.000217327389229315	-0.000691135431604273	0.025	6.3728278479671	6.63794393087896	2.05664769862487	0	0	0.01	117.417045737814	DR01	1	EDRIFT	ellip.	0	0	0	0	0	
2.38509483463686	0.29627686468656	0.239536107884255	3.88502102981401	0.283331760564556	1.00076651197218	0.025	1.86275075091919	3.48877062506514	2.18627271619982	0	0	0.01	117.417045737814	DP	1	CSBEND	ellip.	0.161423295748563	5.54018614316263	19.5401924344447	2.00805299103621	4.95954734405976	
2.62247691581368	0.383661178601521	-0.607652831277003	4.6661549259902	0.520895797948575	1.00076651197218	0.025	0.604860422564515	1.81024066558794	2.41181674847716	0	0	0.01	117.417045737814	DR00	1	EDRIFT	ellip.	0	0	0	0	0	
2.72247691581368	0.382777900677156	0.615361880993645	4.91373924192193	0.520936483896113	-0.99997818281417	0.025	0.480407755612041	-0.415050494981122	2.61034900302281	0	0	0.01	117.417045737814	QF01	1	KQUAD	ellip.	0	0	0	0	0	
2.9598589969905	0.293585645801778	-0.239628993181689	5.70057188503176	0.283559581728274	-0.99997818281417	0.025	0.814961916362339	-0.994298345048221	2.99947495935726	0	0	0.01	117.417045737814	DR00	2	EDRIFT	ellip.	0	0	0	0	0	
3.40522329279443	0.289537344432132	0.239628993181689	7.03617406132666	6.18577688149546e-06	-0.000112387999677832	0.025	2.18461403232913	-2.08105396509726	3.33978491212108	0	0	0.01	117.417045737814	DP	2	CSBEND	ellip.	0.161874630078392	5.54018614316263	19.5401924344447	2.01366744244961	4.97562875957478	
3.54812629279443	0.295630642868156	-0.282268394985879	7.54647915564479	-9.87480543646577e-06	-0.000112387999677832	0.025	2.82922269450457	-2.42975869926561	3.39729709642234	0	0	0.01	117.417045737814	DR01	2	EDRIFT	ellip.	0	0	0	0	0	
3.64812629279443	0.471009544892968	-1.59978406563177	7.82823254741542	-2.26551256646287e-05	-0.000147943276556591	0.025	2.68431376932748	3.7696747874147	3.43225952975223	0	0	0.01	117.417045737814	QD01	2	KQUAD	ellip.	0	0	0	0	0	
3.67172450968864	0.550721828208708	-1.77811027583926	7.87458297063543	-2.61463231928504e-05	-0.000147943276556591	0.025	2.50955405496571	3.63595739001831	3.4413517564462	0	0	0.01	117.417045737814	DR02	2	EDRIFT	ellip.	0	0	0	0	0	
3.77172450968864	0.756464123819962	-0.0673699214574123	8.02235156896862	-3.63463406621081e-05	-5.08841735227338e-05	0.025	2.52866288809737	-3.84595133257739	3.48309431807586	0	0	0.01	117.417045737814	QF05	1	KQUAD	ellip.	0	0	0	0	0	
4.14021791367682	0.986432325170825	-0.556706924591747	8.46306118900676	-5.50968229726256e-05	-5.08841735227338e-05	0.025	6.21106203829755	-6.14716960349855	3.57621134711201	0	0	0.01	117.417045737814	DR12	1	EDRIFT	ellip.	0	0	0	0	0	
4.24021791367682	1.32137074685585	-2.99781494875109	8.55351511552167	-6.5548538260654e-05	-0.000161380260448762	0.025	6.26687087834777	5.62412054783039	3.59174813218511	0	0	0.01	117.417045737814	QD05	1	KQUAD	ellip.	0	0	0	0	0	
4.39849518774992	2.45968293181871	-4.19407151523451	8.64142266032384	-9.10913659736907e-05	-0.000161380260448762	0.025	4.61697066128603	4.79999262144087	3.62117725528276	0	0	0.01	117.417045737814	DR05C	1	EDRIFT	ellip.	0	0	0	0	0	
4.49849518774992	3.36606501644756	-4.86178951269824	8.67616794633282	-0.000107102361203927	-0.00015876934939379	0.025	3.71957213661643	4.18187078284675	3.64532117576667	0	0	0.01	117.417045737814	QD03	1	KQUAD	ellip.	0	0	0	0	0	
4.59849518774992	4.41161519883147	-5.59371231114091	8.70212101362888	-0.000122979296143306	-0.00015876934939379	0.025	2.93290273792078	3.68482320410977	3.67560223405444	0	0	0.01	117.417045737814	DR09	1	EDRIFT	ellip.	0	0	0	0	0	
4.69849518774992	4.98683571024596	0.0807339994456634	8.7230056482822	-0.000131000643661916	1.01264482910146e-16	0.025	2.56352776979846	0.160031022933988	3.71283728725352	0	0	0.01	117.417045737814	QF03	1	KQUAD	ellip.	0	0	0	0	0	
4.89849518774992	4.96261551041226	0.0403669997228332	8.76321982783837	-0.000131000643661896	1.01264482910146e-16	0.025	2.51551846291826	0.0800155114669963	3.79167739934595	0	0	0.01	117.417045737814	DR05A	3	EDRIFT	ellip.	0	0	0	0	0	
5.09849518774992	4.9545421104677	2.99760216648792e-15	8.80356492303628	-0.000131000643661876	1.01264482910146e-16	0.025	2.49951536062486	4.76008121808036e-15	3.8715227978641	0	0	0.01	117.417045737814	DR05A	4	EDRIFT	ellip.	0	0	0	0	0	
5.29849518774992	4.96261551041226	-0.0403669997228272	8.84391001823419	-0.000131000643661855	1.01264482910146e-16	0.025	2.51551846291826	-0.0800155114669868	3.95136819638224	0	0	0.01	117.417045737814	DR05A	5	EDRIFT	ellip.	0	0	0	0	0	
5.49849518774992	4.98683571024596	-0.0807339994456574	8.88412419779036	-0.000131000643661835	1.01264482910146e-16	0.025	2.56352776979845	-0.160031022933978	4.03020830847467	0	0	0.01	117.417045737814	DR05A	6	EDRIFT	ellip.	0	0	0	0	0	
5.59849518774992	4.41161519883147	5.59371231114091	8.90500883244367	-0.00012297929614321	0.000158769349393882	0.025	2.93290273792077	-3.68482320410975	4.06744336167376	0	0	0.01	117.417045737814	QF03	2	KQUAD	ellip.	0	0	0	0	0	
5.69849518774992	3.36606501644755	4.86178951269824	8.93096189973973	-0.000107102361203822	0.000158769349393882	0.025	3.71957213661641	-4.18187078284673	4.09772441996153	0	0	0.01	117.417045737814	DR09	2	EDRIFT	ellip.	0	0	0	0	0	
5.79849518774992	2.4596829318187	4.19407151523451	8.96570718574871	-9.10913659735766e-05	0.000161380260448852	0.025	4.61697066128601	-4.79999262144084	4.12186834044544	0	0	0.01	117.417045737814	QD03	2	KQUAD	ellip.	0	0	0	0	0	
5.95677246182301	1.32137074685585	2.99781494875109	9.05361473055088	-6.55485382605257e-05	0.000161380260448852	0.025	6.26687087834774	-5.62412054783035	4.15129746354308	0	0	0.01	117.417045737814	DR05C	2	EDRIFT	ellip.	0	0	0	0	0	
6.05677246182301	0.986432325170821	0.556706924591749	9.14406865706579	-5.5096822972476e-05	5.08841735230773e-05	0.025	6.21106203829751	6.14716960349852	4.16683424861618	0	0	0.01	117.417045737814	QD05	2	KQUAD	ellip.	0	0	0	0	0	
6.42526586581119	0.756464123819958	0.0673699214574114	9.58477827710394	-3.6346340661832e-05	5.08841735230773e-05	0.025	2.52866288809735	3.84595133257737	4.25995127765234	0	0	0.01	117.417045737814	DR12	2	EDRIFT	ellip.	0	0	0	0	0	
6.52526586581119	0.550721828208705	1.77811027583925	9.73254687543712	-2.61463231925824e-05	0.000147943276556089	0.025	2.50955405496569	-3.63595739001828	4.301693839282	0	0	0.01	117.417045737814	QF05	2	KQUAD	ellip.	0	0	0	0	0	
6.5488640827054	0.471009544892965	1.59978406563176	9.77889729865713	-2.26551256643725e-05	0.000147943276556089	0.025	2.68431376932746	-3.76967478741466	4.31078606597597	0	0	0.01	117.417045737814	DR02	3	EDRIFT	ellip.	0	0	0	0	0	
6.6488640827054	0.295630642868155	0.282268394985873	10.0606506904278	-9.87480543623258e-06	0.000112387999677865	0.025	2.82922269450455	2.4297586992656	4.34574849930586	0	0	0.01	117.417045737814	QD01	3	KQUAD	ellip.	0	0	0	0	0	
6.7917670827054	0.289537344432133	-0.239628993181696	10.5709557847459	6.18577688173341e-06	0.000112387999677865	0.025	2.18461403232911	2.08105396509725	4.40326068360712	0	0	0.01	117.417045737814	DR01	3	EDRIFT	ellip.	0	0	0	0	0	
7.23713137850933	0.293585645801778	0.239628993181696	11.9065579610408	0.283559581728274	0.999978182814169	0.025	0.814961916362331	0.99429834504821	4.74357063637094	0	0	0.01	117.417045737814	DP	3	CSBEND	ellip.	0.161874630078392	5.54018614316263	19.5401924344447	2.01366744244961	4.97562875957481	
7.47451345968615	0.382777900677153	-0.615361880993641	12.6933906041506	0.520936483896113	0.999978182814169	0.025	0.480407755612038	0.415050494981111	5.13269659270539	0	0	0.01	117.417045737814	DR00	3	EDRIFT	ellip.	0	0	0	0	0	
7.57451345968615	0.383661178601519	0.607652831276997	12.9409749200824	0.520895797948574	-1.00076651197218	0.025	0.604860422564514	-1.81024066558794	5.33122884725104	0	0	0.01	117.417045737814	QF01	2	KQUAD	ellip.	0	0	0	0	0	
7.81189554086297	0.296276864686561	-0.239536107884261	13.7221088162585	0.283331760564555	-1.00076651197218	0.025	1.8627507509192	-3.48877062506516	5.55677287952838	0	0	0.01	117.417045737814	DR00	4	EDRIFT	ellip.	0	0	0	0	0	
8.2572598366669	0.28689526764086	0.239536107884261	15.0577988356734	-0.00021732738922936	0.000691135431604706	0.025	6.37282784796712	-6.637943930879	5.68639789710333	0	0	0.01	117.417045737814	DP	4	CSBEND	ellip.	0.161423295748563	5.54018614316263	19.5401924344447	2.00805299103621	4.95954734405978	
8.4001628366669	0.293698774043437	-0.287145370129115	15.5725273793673	-0.000118562062646753	0.000691135431604706	0.025	8.414390941608	-7.64841180441612	5.70591392718187	0	0	0.01	117.417045737814	DR01	4	EDRIFT	ellip.	0	0	0	0	0	
8.5001628366669	0.470101808182741	-1.60589741112475	15.8555116439027	-6.03003316285583e-05	0.000495638492742686	0.025	8.05411936204192	10.9797020266954	5.71761573370659	0	0	0.01	117.417045737814	QD01	4	KQUAD	ellip.	0	0	0	0	0	
8.52376105356111	0.550133960177163	-1.78555171205355	15.9019316274296	-4.86041469756997e-05	0.000495638492742686	0.025	7.54432102767838	10.6235545519293	5.72064307051166	0	0	0.01	117.417045737814	DR02	4	EDRIFT	ellip.	0	0	0	0	0	
8.62376105356111	0.983374758433002	-2.54685627050484	16.038312471365	9.59702298568918e-07	0.000495638492742686	0.025	5.57053146713977	9.11434105345685	5.73606926593122	0	0	0.01	117.417045737814	DR06	2	EDRIFT	ellip.	0	0	0	0	0	
8.72376105356111	1.38353544233003	-1.26156517898128	16.1221080391043	4.92791017675214e-05	0.00045917021383029	0.025	4.56453641637551	1.42207211575986	5.75637957610562	0	0	0.01	117.417045737814	QF04	3	KQUAD	ellip.	0	0	0	0	0	
8.82376105356111	1.65457981396003	-1.44887853731878	16.1882500961325	9.51961231505504e-05	0.00045917021383029	0.025	4.2867432332066	1.35585971592931	5.77898824144859	0	0	0.01	117.417045737814	DR07	3	EDRIFT	ellip.	0	0	0	0	0	
8.84054460911085	1.70374211955187	-1.48031637886745	16.1982465372596	0.000102902631941158	0.00045917021383029	0.025	4.24141745169731	1.34474692102293	5.78292433894013	0	0	0.01	117.417045737814	DRVAR07	3	EDRIFT	ellip.	0	0	0	0	0	
9.00697749801137	2.74222548582151	-5.22006044530494	16.2782486233975	0.000194004700411414	0.00065602348157337	0.025	2.99075897953273	5.59800031317484	5.82793789896946	0	0	0.01	117.417045737814	QD04	2	KQUAD	ellip.	0	0	0	0	0	
9.02376105356111	2.92034964046467	-5.39295621348656	16.2841794811736	0.000205015106956335	0.00065602348157337	0.025	2.8058960321932	5.41652797266126	5.83373165101589	0	0	0.01	117.417045737814	DRVAR07	4	EDRIFT	ellip.	0	0	0	0	0	
9.12376105356111	4.10195586569605	-6.42310603882721	16.3130761329983	0.000270617455113672	0.00065602348157337	0.025	1.83071552472951	4.33527710197565	5.87786783594376	0	0	0.01	117.417045737814	DR07	4	EDRIFT	ellip.	0	0	0	0	0	
9.22376105356111	4.80460684693228	-0.26418528220415	16.3350688023485	0.000315484862178923	0.000230572613951004	0.025	1.26712628310188	1.56754429163152	5.94515632052304	0	0	0.01	117.417045737814	QF04	4	KQUAD	ellip.	0	0	0	0	0	
9.42376105356111	4.91918736066975	-0.308717286483182	16.3762194773454	0.000361599384969124	0.000230572613951004	0.025	0.74924354856845	1.02186938103564	6.1518877125607	0	0	0.01	117.417045737814	DR05A	7	EDRIFT	ellip.	0	0	0	0	0	
9.519029901093	4.98003053735281	-0.329929850112926	16.3954687820504	0.000383565772172652	0.000230572613951004	0.025	0.579302057779756	0.761940281737945	6.29700267564763	0	0	0.01	117.417045737814	DRVAR03	2	EDRIFT	ellip.	0	0	0	0	0	
9.619029901093	3.72728594350759	11.623554666839	16.4175766326911	0.000351292122301041	-0.000860386310895417	0.025	0.610429326589751	-1.10270794110371	6.47433159881004	0	0	0.01	117.417045737814	QF02	2	KQUAD	ellip.	0	0	0	0	0	
9.719029901093	1.76773889924273	7.97191577580963	16.4565443083403	0.000265253491211499	-0.000860386310895417	0.025	0.867272656991738	-1.46572536291615	6.61220525050952	0	0	0.01	117.417045737814	DR04	2	EDRIFT	ellip.	0	0	0	0	0	
9.819029901093	0.892861056992909	1.80975114462563	16.5411417104953	0.000223488804998689	-1.06468653338077e-16	0.025	0.848336276694891	1.63162441549108	6.72209003583094	0	0	0.01	117.417045737814	QD02	2	KQUAD	ellip.	0	0	0	0	0	
9.99699037549983	0.400374740590172	0.957640423891334	16.8433663845539	0.00022348880499867	-1.06468653338077e-16	0.025	0.404323462820309	0.863383621290956	7.03083278176433	0	0	0.01	117.417045737814	DR05B	2	EDRIFT	ellip.	0	0	0	0	0	
10.1969903754998	0.208846655811905	2.22044604925031e-15	17.6071298460726	0.000223488804998649	-1.06468653338077e-16	0.025	0.231646738562117	1.88737914186277e-15	7.7430455957282	0	0	0.01	117.417045737814	DR05A	8	EDRIFT	ellip.	0	0	0	0	0	
10.1969903754998	0.208846655811905	2.22044604925031e-15	17.6071298460726	0.000223488804998649	-1.06468653338077e-16	0.025	0.231646738562117	1.88737914186277e-15	7.7430455957282	0	0	0.01	117.417045737814	RFC	1	RFCA	ellip.	0	0	0	0	0	
